  0.999999999999977     
   1.00000000000000     
   1.00000000000000     
   1.00000000000000     
  0.999999999999977     
   1.00000000000000     
  0.999999999999977     
   1.00000000000000     
  0.999999999999977     
   1.00000000000000     
  0.999999999999977     
  0.999999999999977     
  0.999999999999932     
  0.999999999999977     
  0.999999999999977     
  0.999999999999977     
   1.00000000000000     
  0.999999999999977     
  0.999999999999977     
  0.999999999999977     
  0.999999999999954     
  0.999999999999977     
   1.00000000000000     
  0.999999999999977     
  0.999999999999977     
   1.00000000000000     
   1.00000000000000     
  0.999999999999977     
  0.999999999999977     
  0.999999999999954     
  0.999999999999954     
  0.999999999999932     
  0.999999999999954     
  0.999999999999932     
  0.999999999999977     
  0.999999999999977     
   1.00000000000000     
  0.999999999999932     
  0.999999999999954     
  0.999999999999977     
  0.999999999999954     
   1.00000000000000     
  0.999999999999954     
  0.999999999999977     
   1.00000000000005     
  0.999999999999932     
  0.999999999999954     
   1.00000000000000     
  0.999999999999977     
  0.999999999999932     
  0.999999999999977     
   1.00000000000005     
   1.00000000000000     
   1.00000000000000     
   1.00000000000000     
  0.999999999999977     
  0.999999999999932     
  0.999999999999977     
   1.00000000000000     
  0.999999999999977     
  0.999999999999977     
  0.999999999999977     
  0.999999999999977     
  0.999999999999977     
  0.999999999999954     
   1.00000000000000     
  0.999999999999977     
  0.999999999999977     
  0.999999999999932     
   1.00000000000002     
  0.999999999999977     
   1.00000000000000     
  0.999999999999977     
  0.999999999999977     
  0.999999999999977     
   1.00000000000000     
  0.999999999999977     
   1.00000000000000     
  0.999999999999977     
   1.00000000000000     
  0.999999999999909     
  0.999999999999932     
  0.999999999999954     
  0.999999999999932     
  0.999999999999977     
  0.999999999999954     
   1.00000000000000     
  0.999999999999954     
  0.999999999999977     
   1.00000000000000     
  0.999999999999932     
  0.999999999999932     
   1.00000000000000     
  0.999999999999932     
  0.999999999999977     
  0.999999999999977     
  0.999999999999977     
  0.999999999999977     
  0.999999999999977     
  0.999999999999977     
  0.999999999999954     
  0.999999999999977     
  0.999999999999977     
  0.999999999999977     
  0.999999999999977     
  0.999999999999954     
  0.999999999999977     
   1.00000000000000     
  0.999999999999977     
  0.999999999999977     
  0.999999999999932     
  0.999999999999932     
  0.999999999999954     
   1.00000000000000     
  0.999999999999977     
  0.999999999999977     
  0.999999999999954     
  0.999999999999977     
   1.00000000000000     
  0.999999999999977     
  0.999999999999932     
  0.999999999999977     
  0.999999999999932     
  0.999999999999932     
  0.999999999999977     
  0.999999999999977     
  0.999999999999954     
  0.999999999999954     
  0.999999999999977     
  0.999999999999932     
  0.999999999999954     
   1.00000000000000     
   1.00000000000000     
  0.999999999999977     
   1.00000000000002     
  0.999999999999977     
  0.999999999999932     
   1.00000000000000     
  0.999999999999954     
  0.999999999999954     
  0.999999999999977     
   1.00000000000000     
  0.999999999999954     
  0.999999999999977     
  0.999999999999954     
  0.999999999999909     
  0.999999999999954     
  0.999999999999954     
  0.999999999999977     
   1.00000000000000     
  0.999999999999977     
   1.00000000000002     
   1.00000000000002     
   1.00000000000000     
  0.999999999999954     
  0.999999999999954     
  0.999999999999954     
  0.999999999999954     
  0.999999999999932     
  0.999999999999954     
  0.999999999999932     
  0.999999999999932     
  0.999999999999909     
  0.999999999999932     
  0.999999999999954     
  0.999999999999932     
  0.999999999999954     
  0.999999999999932     
   1.00000000000000     
  0.999999999999977     
  0.999999999999932     
  0.999999999999932     
  0.999999999999932     
  0.999999999999954     
  0.999999999999977     
   1.00000000000002     
  0.999999999999932     
  0.999999999999954     
  0.999999999999977     
  0.999999999999954     
  0.999999999999932     
   1.00000000000000     
  0.999999999999909     
  0.999999999999932     
  0.999999999999886     
  0.999999999999909     
   1.00000000000000     
   1.00000000000000     
  0.999999999999932     
  0.999999999999932     
  0.999999999999932     
  0.999999999999954     
   1.00000000000000     
  0.999999999999977     
  0.999999999999977     
  0.999999999999954     
   1.00000000000002     
  0.999999999999977     
  0.999999999999954     
  0.999999999999954     
  0.999999999999886     
  0.999999999999977     
  0.999999999999954     
  0.999999999999932     
   1.00000000000002     
  0.999999999999909     
  0.999999999999863     
  0.999999999999863     
  0.999999999999977     
  0.999999999999932     
  0.999999999999909     
  0.999999999999909     
  0.999999999999932     
  0.999999999999977     
   1.00000000000002     
   1.00000000000000     
  0.999999999999932     
   1.00000000000000     
  0.999999999999977     
  0.999999999999954     
  0.999999999999977     
   1.00000000000002     
  0.999999999999954     
  0.999999999999932     
   1.00000000000000     
  0.999999999999932     
  0.999999999999932     
  0.999999999999932     
  0.999999999999954     
  0.999999999999954     
  0.999999999999954     
  0.999999999999954     
   1.00000000000002     
  0.999999999999977     
  0.999999999999977     
  0.999999999999954     
  0.999999999999954     
  0.999999999999977     
  0.999999999999932     
  0.999999999999977     
  0.999999999999932     
  0.999999999999932     
  0.999999999999909     
  0.999999999999932     
  0.999999999999954     
  0.999999999999886     
  0.999999999999954     
  0.999999999999954     
  0.999999999999909     
  0.999999999999932     
  0.999999999999932     
  0.999999999999909     
  0.999999999999932     
  0.999999999999932     
  0.999999999999977     
   1.00000000000002     
  0.999999999999954     
  0.999999999999954     
  0.999999999999932     
  0.999999999999932     
  0.999999999999932     
  0.999999999999932     
  0.999999999999909     
  0.999999999999909     
  0.999999999999886     
  0.999999999999932     
   1.00000000000002     
   1.00000000000000     
  0.999999999999954     
  0.999999999999932     
  0.999999999999932     
   1.00000000000002     
  0.999999999999977     
   1.00000000000000     
  0.999999999999977     
  0.999999999999932     
   1.00000000000005     
   1.00000000000000     
  0.999999999999977     
  0.999999999999909     
  0.999999999999954     
  0.999999999999932     
  0.999999999999932     
  0.999999999999932     
  0.999999999999977     
  0.999999999999909     
  0.999999999999954     
  0.999999999999909     
   1.00000000000000     
  0.999999999999886     
  0.999999999999977     
  0.999999999999909     
  0.999999999999954     
  0.999999999999954     
   1.00000000000000     
   1.00000000000005     
  0.999999999999977     
   1.00000000000000     
   1.00000000000000     
  0.999999999999954     
   1.00000000000000     
  0.999999999999977     
  0.999999999999954     
  0.999999999999954     
  0.999999999999954     
  0.999999999999932     
  0.999999999999886     
  0.999999999999932     
  0.999999999999909     
   1.00000000000000     
  0.999999999999954     
  0.999999999999932     
  0.999999999999954     
   1.00000000000000     
  0.999999999999909     
  0.999999999999932     
  0.999999999999954     
  0.999999999999977     
   1.00000000000002     
  0.999999999999932     
  0.999999999999863     
  0.999999999999818     
  0.999999999999841     
  0.999999999999932     
  0.999999999999932     
  0.999999999999932     
  0.999999999999932     
  0.999999999999909     
  0.999999999999932     
  0.999999999999863     
  0.999999999999886     
  0.999999999999932     
  0.999999999999932     
  0.999999999999909     
  0.999999999999954     
  0.999999999999932     
  0.999999999999863     
  0.999999999999909     
  0.999999999999886     
  0.999999999999932     
  0.999999999999954     
  0.999999999999909     
  0.999999999999932     
  0.999999999999909     
  0.999999999999909     
  0.999999999999909     
   1.00000000000002     
   1.00000000000000     
  0.999999999999909     
  0.999999999999932     
  0.999999999999932     
   1.00000000000000     
   1.00000000000000     
   1.00000000000000     
   1.00000000000000     
  0.999999999999932     
   1.00000000000009     
   1.00000000000002     
  0.999999999999954     
  0.999999999999909     
  0.999999999999841     
  0.999999999999932     
  0.999999999999932     
  0.999999999999932     
  0.999999999999977     
  0.999999999999909     
  0.999999999999818     
  0.999999999999863     
  0.999999999999932     
  0.999999999999886     
  0.999999999999954     
  0.999999999999977     
  0.999999999999954     
  0.999999999999954     
  0.999999999999977     
   1.00000000000000     
   1.00000000000000     
   1.00000000000000     
   1.00000000000000     
   1.00000000000002     
  0.999999999999932     
  0.999999999999977     
   1.00000000000000     
  0.999999999999932     
  0.999999999999932     
  0.999999999999909     
  0.999999999999886     
  0.999999999999863     
  0.999999999999841     
  0.999999999999909     
  0.999999999999954     
  0.999999999999932     
  0.999999999999932     
  0.999999999999954     
  0.999999999999909     
  0.999999999999977     
  0.999999999999954     
  0.999999999999909     
  0.999999999999977     
  0.999999999999954     
  0.999999999999863     
  0.999999999999863     
  0.999999999999932     
  0.999999999999932     
  0.999999999999954     
  0.999999999999932     
  0.999999999999909     
  0.999999999999886     
  0.999999999999863     
  0.999999999999841     
  0.999999999999932     
  0.999999999999932     
  0.999999999999886     
  0.999999999999886     
  0.999999999999863     
  0.999999999999841     
  0.999999999999863     
  0.999999999999886     
  0.999999999999863     
  0.999999999999932     
  0.999999999999932     
  0.999999999999954     
  0.999999999999886     
  0.999999999999909     
  0.999999999999932     
  0.999999999999932     
   1.00000000000007     
   1.00000000000000     
  0.999999999999909     
  0.999999999999886     
  0.999999999999954     
   1.00000000000002     
   1.00000000000000     
   1.00000000000002     
   1.00000000000000     
  0.999999999999977     
   1.00000000000002     
   1.00000000000002     
   1.00000000000000     
  0.999999999999909     
  0.999999999999932     
  0.999999999999932     
  0.999999999999909     
  0.999999999999932     
   1.00000000000000     
  0.999999999999909     
  0.999999999999909     
  0.999999999999863     
  0.999999999999932     
  0.999999999999932     
  0.999999999999954     
  0.999999999999886     
  0.999999999999932     
  0.999999999999932     
  0.999999999999909     
   1.00000000000000     
  0.999999999999954     
   1.00000000000005     
  0.999999999999932     
  0.999999999999977     
  0.999999999999954     
  0.999999999999909     
  0.999999999999932     
  0.999999999999977     
   1.00000000000002     
   1.00000000000000     
  0.999999999999886     
  0.999999999999841     
  0.999999999999841     
  0.999999999999909     
  0.999999999999932     
  0.999999999999932     
  0.999999999999932     
  0.999999999999909     
  0.999999999999954     
  0.999999999999863     
   1.00000000000007     
  0.999999999999886     
  0.999999999999909     
  0.999999999999932     
   17.4167967239504     
   14.0790121454765     
   11.6984763206635     
   9.27740863867270     
   6.97540734087374     
   4.87746924270248     
   3.02853498649927     
   1.64314712849523     
  0.999999999999886     
  0.999999999999909     
  0.999999999999863     
  0.999999999999977     
  0.999999999999954     
  0.999999999999932     
  0.999999999999863     
  0.999999999999863     
  0.999999999999863     
  0.999999999999909     
  0.999999999999932     
  0.999999999999932     
  0.999999999999954     
  0.999999999999932     
  0.999999999999909     
  0.999999999999886     
  0.999999999999954     
  0.999999999999932     
   1.00000000000007     
   1.00000000000000     
  0.999999999999886     
  0.999999999999886     
  0.999999999999977     
   1.00000000000002     
   1.00000000000000     
   1.00000000000002     
  0.999999999999977     
  0.999999999999954     
   1.00000000000005     
  0.999999999999954     
  0.999999999999954     
  0.999999999999886     
  0.999999999999841     
  0.999999999999932     
  0.999999999999932     
  0.999999999999932     
  0.999999999999977     
  0.999999999999909     
  0.999999999999886     
  0.999999999999886     
  0.999999999999932     
  0.999999999999863     
  0.999999999999932     
  0.999999999999932     
  0.999999999999909     
  0.999999999999909     
  0.999999999999954     
  0.999999999999932     
   1.00000000000000     
  0.999999999999932     
   1.00000000000000     
   1.00000000000002     
  0.999999999999909     
  0.999999999999909     
  0.999999999999909     
  0.999999999999909     
   1.00000000000000     
  0.999999999999954     
  0.999999999999886     
  0.999999999999932     
  0.999999999999863     
  0.999999999999863     
  0.999999999999932     
  0.999999999999977     
  0.999999999999886     
  0.999999999999909     
   1.01220550304629     
   1.66899450984993     
   2.90969340829379     
   4.49805147552408     
   6.21954284623468     
   8.73617570761369     
   185.561264217864     
   186.424301444715     
   186.514378423862     
   186.663172641610     
   186.743078418703     
   186.927514483428     
   187.090449049664     
   187.200342168528     
   187.012479208073     
   186.123254106126     
   185.355370283979     
   184.615679461391     
   183.780188174615     
   182.778481945173     
   181.850760133279     
   180.439023263748     
   179.235138129180     
   177.286961366179     
   175.583139701353     
   172.740924263584     
   169.733105837436     
   165.730574422050     
   161.184054406131     
   156.102790975791     
   150.154527343183     
   143.825761679701     
   136.893915395155     
   129.262878303362     
   121.343783102500     
   113.529620503033     
   105.639890139574     
   97.9678545042288     
   90.7176854243942     
   84.1477998671681     
   78.2046681240710     
   72.9473893915643     
   68.5597945697223     
   65.0451592737894     
   62.5917762514390     
   61.4785830368089     
   61.7302641858016     
   63.0860527617110     
   65.4152577814023     
   68.7216679260348     
   72.8460161700784     
   77.8829337659709     
   83.6684762642812     
   89.9758920516872     
   96.6692252575567     
   103.540806640458     
   110.878251781695     
   118.257441820471     
   125.289627094367     
   131.952021558140     
   138.336716508137     
   143.970050187732     
   149.023390224653     
   153.833965694344     
   157.712444362258     
   161.318125708307     
   164.240720003480     
   166.659173890328     
   168.484857302955     
   169.928020249300     
   171.076061761818     
   172.097288140014     
   172.677613768391     
   173.331609101997     
   173.658706375504     
   174.076387321321     
   174.483208350594     
   174.691423222169     
   175.032395519633     
   175.328382435593     
   175.742279310112     
   175.496864425454     
   175.137136951819     
   174.670040152212     
   174.357850891821     
   173.149328885462     
   249.702281660174     
   258.724625284753     
   264.283559964207     
   270.487071486072     
   276.641575141018     
   282.891380243939     
   289.168075076766     
   295.464867445388     
   301.750253295506     
   308.052038905059     
   314.530823756266     
   321.079499748513     
   327.692307528047     
   334.345387995492     
   340.991575769231     
   347.480636451564     
   353.639610351982     
   359.225346832657     
   364.555834882247     
   369.575442461519     
   374.573317576091     
   379.128552464611     
   383.386351492746     
   387.229654609138     
   390.483569304959     
   393.259468156792     
   395.297854508030     
   396.457726294389     
   396.972251806962     
   396.826873626476     
   395.888563538754     
   394.352281111587     
   392.386267437473     
   390.222521270176     
   387.883062851544     
   385.433063354908     
   383.062021189333     
   380.987095314294     
   379.437477457087     
   378.490297644333     
   378.553618885138     
   379.440153468824     
   380.668664325574     
   382.356028024840     
   384.211139708918     
   386.254585052767     
   388.336852930349     
   390.122869877666     
   391.533070067634     
   392.404849124397     
   392.864095864050     
   392.708419575609     
   391.780868349915     
   390.173405390247     
   387.870072411947     
   384.860513677703     
   381.346452525835     
   377.456206348272     
   373.055326815166     
   368.459981407482     
   363.615745439632     
   358.570433871655     
   353.407936009063     
   348.067199984974     
   342.309159185592     
   336.121325020207     
   329.652437437123     
   323.165001849457     
   316.674675866456     
   310.249891739884     
   303.946297697927     
   297.743662551347     
   291.660308929854     
   285.705486375211     
   279.938113098097     
   274.226444644522     
   268.588931900553     
   262.876330728655     
   257.700409455748     
   249.157464252432     
   234.653694879804     
   244.488747706060     
   250.574552269208     
   257.374175616827     
   264.133122868173     
   271.011590830040     
   277.959784350965     
   284.986437585890     
   292.107679400855     
   299.366986922415     
   306.806038771710     
   314.342710666554     
   321.982369683417     
   329.674983595387     
   337.337423192012     
   344.953274718539     
   352.591000489619     
   360.483264264893     
   368.601219273331     
   376.473879144427     
   384.176585842258     
   391.660061381697     
   399.026362512381     
   406.210192266589     
   413.123601148619     
   419.888775603449     
   426.540512032962     
   432.939287745446     
   439.078766491443     
   444.782297507100     
   450.106474310037     
   455.014439505627     
   459.479263755409     
   463.455477103692     
   466.872982336365     
   469.696118478125     
   471.902672569345     
   473.506353494668     
   474.520179985491     
   474.837789166073     
   474.681652050483     
   474.015244064330     
   472.628634958641     
   470.643372483200     
   468.024522600485     
   464.832617306035     
   461.115349328622     
   456.850819806089     
   452.113571377436     
   446.926563082548     
   441.327409519346     
   435.392510319983     
   429.053868882002     
   422.459633754308     
   415.642025139176     
   408.738178535584     
   401.719487591131     
   394.471217765517     
   387.041541992052     
   379.552781665271     
   371.973960742122     
   364.228635981644     
   356.270856175782     
   348.287258016727     
   340.581091478705     
   333.111646489548     
   325.689438816846     
   318.248957820982     
   310.816464385236     
   303.437892291921     
   296.171985743754     
   289.051957206763     
   282.080572336515     
   275.270860865107     
   268.654434876164     
   262.176055103725     
   255.844317123223     
   249.469097684783     
   243.712156116333     
   234.293687126993     
   224.210361453553     
   234.162839376543     
   240.289000541516     
   247.188475335978     
   254.068345901736     
   261.105768408011     
   268.257471153569     
   275.523245931543     
   282.942742130086     
   290.557846684769     
   298.359542298364     
   306.290002409972     
   314.334216193765     
   322.440909383230     
   330.507189427831     
   338.537058290550     
   346.706805200157     
   355.320069370694     
   364.043228867978     
   372.416538704342     
   380.591211107439     
   388.588230954455     
   396.481808254615     
   404.256029134534     
   411.890819448679     
   419.373472205730     
   426.615257403115     
   433.576175460714     
   440.244067874869     
   446.548703381809     
   452.446746055041     
   457.883983430274     
   462.807510885258     
   467.183524332483     
   470.999257996787     
   474.218819640456     
   476.787541664295     
   478.669878790688     
   479.885190497665     
   480.383928332214     
   480.141827233792     
   479.249162624818     
   477.720938644258     
   475.470474482036     
   472.533749149816     
   468.972938113623     
   464.830484755679     
   460.112409968591     
   454.867046813520     
   449.139544340853     
   442.984903166540     
   436.459045402016     
   429.593952671383     
   422.449322883932     
   415.046791002229     
   407.421701450795     
   399.668126042660     
   391.814330377359     
   383.871331298398     
   375.877976645589     
   367.809236639744     
   359.602010570804     
   351.144352446616     
   342.478258335381     
   334.109301845559     
   326.157309357228     
   318.373425523699     
   310.563774435346     
   302.760433990910     
   295.007128771455     
   287.358177518789     
   279.874203831586     
   272.578089352344     
   265.471913624642     
   258.554245032069     
   251.798943586254     
   245.258419088304     
   238.691050758840     
   232.840753069177     
   223.312410375395     
   214.414836125135     
   224.593876384584     
   230.835653439788     
   237.886078060480     
   244.961363332421     
   252.238469910892     
   259.698241285402     
   267.320364247120     
   275.102505699715     
   283.087344340169     
   291.277940066789     
   299.644651274944     
   308.119708734579     
   316.713983999799     
   325.353452380142     
   334.043012497225     
   342.915266274796     
   352.027274943821     
   361.023151544054     
   369.794981492342     
   378.453590571177     
   387.005403418958     
   395.476725477140     
   403.853010886589     
   412.120321344633     
   420.167682800377     
   427.961998392201     
   435.458498107089     
   442.626661693646     
   449.416605906666     
   455.771622360820     
   461.635883460756     
   466.952894913398     
   471.677932666943     
   475.787858046331     
   479.246416596206     
   482.005949822388     
   484.032497260238     
   485.310757963301     
   485.896583640993     
   485.681272883550     
   484.710676592300     
   483.093848691384     
   480.694268054073     
   477.574545747413     
   473.768747761756     
   469.320478987542     
   464.257458649154     
   458.626314058205     
   452.481142990119     
   445.875850600971     
   438.866938193608     
   431.504359982015     
   423.832397047206     
   415.888118013568     
   407.682963298132     
   399.305016711363     
   390.855757696610     
   382.351564977625     
   373.809053536913     
   365.234034841242     
   356.602590952350     
   347.855191453083     
   338.872961269015     
   329.904768029300     
   321.226487314529     
   312.816587703314     
   304.465532740439     
   296.230312560871     
   288.063961708255     
   280.023904739721     
   272.171717825591     
   264.533616529479     
   257.089015840842     
   249.826572523692     
   242.750956593714     
   235.899632962264     
   229.090715314372     
   223.087995996131     
   213.323514710243     
   204.864571490784     
   215.300037735668     
   221.689128899909     
   228.860435250352     
   236.093150126358     
   243.627244877278     
   251.357376204118     
   259.346408183617     
   267.472816281587     
   275.789206439447     
   284.311867073472     
   293.075887147122     
   301.920124642384     
   310.947836501622     
   320.103969628777     
   329.344784417584     
   338.785157395618     
   348.353009294638     
   357.798987740083     
   367.101041400414     
   376.313294273704     
   385.445237683800     
   394.495839781824     
   403.438885301837     
   412.216525250214     
   420.728281317104     
   429.006827264820     
   437.028075526522     
   444.694938343587     
   451.952505939611     
   458.745496308406     
   465.017811720275     
   470.714766858646     
   475.785764931008     
   480.192066953986     
   483.893069008238     
   486.843698919838     
   489.009704482261     
   490.354453237892     
   491.031044728333     
   490.856309488942     
   489.818733674011     
   488.098847300309     
   485.550656813269     
   482.240154167465     
   478.188306591488     
   473.444455790034     
   468.048046177952     
   462.049853027924     
   455.506727799153     
   448.472291992281     
   441.004255041061     
   433.155307958994     
   424.977128893271     
   416.520150138006     
   407.868126387297     
   399.028649628403     
   390.027565766085     
   380.949744965553     
   371.829678008770     
   362.689654052016     
   353.522020389419     
   344.290108658804     
   334.901238018054     
   325.450880253073     
   316.199858448491     
   307.243325520953     
   298.369986118542     
   289.755070363834     
   281.200464116765     
   272.835793324910     
   264.675943734401     
   256.741338625685     
   248.969937960531     
   241.404603738961     
   234.030257402224     
   226.923304021078     
   219.928629679364     
   213.743772062634     
   203.676152680458     
   195.174875676521     
   205.809613562610     
   212.383106173186     
   219.780045004929     
   227.230774457463     
   235.003227728213     
   243.018646577644     
   251.314213670460     
   259.764437485894     
   268.407611210522     
   277.259019535170     
   286.418693313219     
   295.634009363458     
   305.124786425169     
   314.817848593910     
   324.587594492332     
   334.554997405211     
   344.572828136533     
   354.482291013368     
   364.287028661546     
   374.011982732091     
   383.663095842571     
   393.225484872847     
   402.673068496943     
   411.972914663219     
   421.038001349542     
   429.823444497016     
   438.298546454351     
   446.407248707915     
   454.092369425543     
   461.293203638075     
   467.945635294278     
   473.991542946835     
   479.377372937651     
   484.056838412059     
   487.987154017774     
   491.124505149627     
   493.438459108102     
   494.907841815516     
   495.684053540001     
   495.527619007955     
   494.428641571038     
   492.616689558539     
   489.940671806235     
   486.461443563255     
   482.196146702646     
   477.194754821288     
   471.502728866646     
   465.174988398179     
   458.270143226116     
   450.846048949454     
   442.961417728101     
   434.672647136843     
   426.037933580175     
   417.136170337238     
   407.977578521749     
   398.592261160169     
   389.075290637671     
   379.479426507430     
   369.832426313799     
   360.161210775606     
   350.471138197010     
   340.741647922712     
   330.912911639248     
   320.998637373228     
   311.214795243090     
   301.719208361237     
   292.276055240278     
   283.264154912465     
   274.291629403371     
   265.610516115304     
   257.146344525818     
   248.924727410183     
   240.862100155190     
   233.017681118735     
   225.382133324213     
   218.042793156695     
   210.763047143322     
   204.323810658141     
   193.941321127683     
   185.683919270694     
   196.756970756528     
   203.599925710107     
   211.255306646613     
   218.870832851994     
   226.676168278167     
   234.701626556573     
   242.995404222771     
   251.699116711241     
   260.699407731594     
   270.002127048422     
   279.486571757080     
   289.013255657870     
   298.947863454904     
   309.121255618699     
   319.359504055865     
   329.823040223914     
   340.282296860112     
   350.622399097695     
   360.877696527814     
   371.072152699063     
   381.209109690802     
   391.267279374445     
   401.214597350306     
   411.025523464926     
   420.619006114157     
   429.892676473516     
   438.849644592496     
   447.434295311222     
   455.572508760111     
   463.200681201240     
   470.248813929169     
   476.662326486986     
   482.385560377500     
   487.364684096911     
   491.553051162667     
   494.905812005486     
   497.415523788491     
   499.017752950734     
   499.857210937867     
   499.699201456039     
   498.533534080522     
   496.630189593043     
   493.826706301473     
   490.169321435615     
   485.682935863605     
   480.421979107062     
   474.433951254240     
   467.773991436454     
   460.501657079998     
   452.680288474099     
   444.369322480287     
   435.633264498736     
   426.528981773633     
   417.134087714104     
   407.488261792143     
   397.594422888065     
   387.586740959079     
   377.494655533568     
   367.352568145993     
   357.188864516780     
   347.016459765109     
   336.821731637819     
   326.552897417926     
   316.168883304424     
   305.883190720197     
   295.909480378874     
   285.931120780382     
   276.529674955928     
   267.199676238968     
   258.132129960241     
   249.284088281916     
   240.724852156487     
   232.557786370324     
   224.697302511625     
   217.067035533212     
   209.633161652708     
   202.157199567051     
   195.469638390971     
   184.634308850250     
   174.230201804607     
   185.620054975039     
   192.729418759612     
   200.782217255042     
   208.881728300044     
   217.237915555273     
   225.780076129012     
   234.562174286810     
   243.715032409422     
   253.101789558059     
   262.567043366433     
   271.674325225103     
   281.315692910433     
   291.656872056276     
   302.214309581020     
   312.943539742764     
   323.995840820692     
   335.019948177968     
   345.920429081542     
   356.757769923840     
   367.548085847762     
   378.283023118227     
   388.933032322508     
   399.456897197362     
   409.809249191697     
   419.923111767814     
   429.738046508336     
   439.172628119288     
   448.203954866088     
   456.757771671884     
   464.788645630991     
   472.204305299885     
   478.958845924775     
   484.994852756261     
   490.252134389976     
   494.685021919268     
   498.246507282798     
   500.926976336915     
   502.647066052689     
   503.551679343167     
   503.393254591818     
   502.191832108726     
   500.208899483087     
   497.253515892916     
   493.406150675318     
   488.694272721947     
   483.178171736312     
   476.905090514288     
   469.927581110352     
   462.303620178200     
   454.102997336095     
   445.377477817311     
   436.202201519822     
   426.636061855782     
   416.736641952701     
   406.541289093889     
   396.124203264914     
   385.558388390246     
   374.889671012012     
   364.164729998157     
   353.418341849076     
   342.672400606677     
   331.926324846403     
   321.137913555389     
   310.222640797965     
   299.418083354127     
   289.044016922800     
   278.758627319723     
   268.987357356574     
   259.898247226232     
   250.753027154723     
   241.726963213523     
   232.775428644528     
   224.094153233476     
   215.655968786742     
   207.428742487988     
   199.477081331222     
   191.577490678606     
   184.599356819087     
   173.402664061015     
   161.399194528801     
   172.989243766466     
   180.267330764779     
   188.583351512726     
   197.044548784660     
   205.880453351959     
   214.967889071848     
   224.167892730611     
   233.376304582155     
   242.865853359227     
   252.840608824520     
   263.043028257413     
   273.403614848422     
   284.030799363897     
   294.796653885864     
   306.142760060572     
   317.801016459051     
   329.432620770226     
   340.937378357125     
   352.367082008768     
   363.738753414231     
   375.044153802621     
   386.252399575785     
   397.320734226104     
   408.196338978139     
   418.815179741936     
   429.139874483848     
   439.078331075818     
   448.549687198333     
   457.491350259451     
   465.888515583039     
   473.652497570545     
   480.736954359826     
   487.077153549492     
   492.606548377593     
   497.283756260930     
   501.062593484582     
   503.922707799972     
   505.771143304425     
   506.759966268396     
   506.623353660089     
   505.406032049201     
   503.347834211296     
   500.224232787116     
   496.191583819455     
   491.272342569026     
   485.524003368381     
   478.990485184972     
   471.720003233935     
   463.765987325262     
   455.211184259377     
   446.107544766366     
   436.524359219242     
   426.523653041906     
   416.131426208364     
   405.433697270806     
   394.503529481585     
   383.398287027074     
   372.174398228504     
   360.881019314339     
   349.553653426841     
   338.213290969653     
   326.856883227971     
   315.442012738301     
   303.902059555845     
   292.413679767855     
   281.431159502484     
   270.977078327900     
   260.739879620505     
   250.715493924126     
   240.977695680661     
   231.732401060609     
   222.692359237232     
   213.621672501952     
   204.637776816102     
   195.899917233934     
   187.546825776723     
   179.349975858798     
   172.184125357458     
   160.766308327830     
   146.895564343195     
   158.760589186306     
   166.290681531494     
   174.871252185182     
   183.595196627742     
   192.649898853105     
   201.943115875155     
   211.492417186709     
   221.373001166577     
   231.729515211803     
   242.036216280459     
   252.806283577334     
   264.147367909726     
   275.682150694758     
   287.373212372683     
   299.184822360412     
   310.941979075024     
   323.007651185950     
   335.177586987433     
   347.259469989076     
   359.255677377093     
   371.167605058020     
   382.965365828574     
   394.603559559111     
   406.024431509045     
   417.162846902530     
   427.967836466941     
   438.378516474448     
   448.327700494690     
   457.725189730541     
   466.487900479722     
   474.576363622769     
   481.939618593030     
   488.539958870986     
   494.324692838583     
   499.247957609277     
   503.253629841771     
   506.314378324539     
   508.322127591569     
   509.418285546227     
   509.332211763175     
   508.066212380658     
   505.879820644205     
   502.604693261806     
   498.397274440360     
   493.280137337470     
   487.306844507358     
   480.522307675052     
   472.982467189461     
   464.742804238838     
   455.871870716132     
   446.413707143436     
   436.400584283685     
   425.903452619014     
   415.010692036060     
   403.807823717538     
   392.344213232147     
   380.677539063433     
   368.868891753942     
   356.971451622359     
   345.022984659994     
   333.039649008013     
   321.004225683142     
   308.924642195740     
   297.116352834180     
   285.427593876359     
   273.745674984986     
   262.373764110620     
   251.091577281342     
   240.480542171901     
   230.237755599558     
   220.024072490465     
   210.254470935014     
   200.825960159601     
   191.657000769714     
   182.723274402988     
   174.112161844364     
   165.639116547426     
   158.203915442455     
   146.480825255286     
   132.287885221176     
   144.214807023527     
   152.071174054208     
   160.830186970570     
   169.704729681529     
   178.881311288211     
   188.408208424374     
   198.479826187938     
   209.187059541984     
   220.137063299684     
   231.345075723807     
   242.845932996173     
   254.734270485602     
   266.484162244856     
   278.471009681644     
   290.763020291402     
   303.196468058288     
   315.880176965863     
   328.734977823280     
   341.492930981731     
   354.135445179753     
   366.684406084542     
   379.098814258117     
   391.324278187320     
   403.300369041332     
   414.965462309130     
   426.257534736014     
   437.109983527851     
   447.459520054869     
   457.271661752963     
   466.434819334156     
   474.887300473082     
   482.563426116315     
   489.429165318611     
   495.454743697037     
   500.594898079329     
   504.793694342111     
   508.028656823667     
   510.172171072317     
   511.372577411199     
   511.361870787078     
   510.046298337608     
   507.726811910278     
   504.326099255675     
   499.970855778833     
   494.687567609618     
   488.522888483514     
   481.519492844006     
   473.734535627510     
   465.218801840777     
   455.995426335159     
   446.126630981458     
   435.684738166269     
   424.762256442303     
   413.417324494965     
   401.710979369484     
   389.705297294824     
   377.463269441235     
   365.046428976414     
   352.512731820484     
   339.909662319619     
   327.258183795459     
   314.500239177259     
   301.731661272509     
   289.291196022151     
   277.017922237392     
   264.835486426262     
   253.232875056619     
   241.528531916111     
   230.164253258714     
   219.025980694139     
   208.149621796711     
   197.542892573530     
   187.548040364296     
   178.115023770419     
   169.045523798615     
   160.279136132721     
   151.623833190862     
   143.854661813562     
   132.047536443185     
   114.941311304943     
   126.151509910864     
   134.231803357350     
   143.202216696154     
   152.542653482915     
   162.427524382073     
   172.837167553280     
   183.656968445655     
   194.691101559485     
   205.903651201883     
   217.555858003879     
   229.533796527796     
   241.537419691256     
   253.479594150365     
   265.774024607471     
   278.093724550898     
   290.496893593836     
   303.188734806201     
   316.394192258836     
   330.088696490438     
   343.983789565904     
   357.802326669442     
   371.393953579773     
   384.678791381349     
   397.603126691772     
   410.117577900862     
   422.171380597148     
   433.711537079173     
   444.673717751775     
   455.010725367777     
   464.654367157725     
   473.587562447252     
   481.725863867229     
   488.999906041467     
   495.367566399018     
   500.784951867885     
   505.210921189697     
   508.648534460654     
   511.003613590185     
   512.502294479446     
   512.565833530309     
   511.068257609095     
   508.603184077489     
   505.083853962248     
   500.587681941121     
   495.127760679119     
   488.743582255027     
   481.469466107495     
   473.342996214258     
   464.410682061322     
   454.711375560529     
   444.343712642321     
   433.371989980162     
   421.833948495359     
   409.789895567827     
   397.296689862249     
   384.407936580399     
   371.172508748989     
   357.635384087933     
   343.848635535951     
   329.891315198583     
   315.938869972051     
   302.322686515045     
   289.305808197417     
   276.865822104538     
   264.690955797154     
   252.224423848104     
   240.524371247349     
   228.690717357399     
   216.822646201820     
   205.226164501253     
   194.031542611419     
   183.066387634086     
   172.335938441943     
   161.995869099958     
   152.164452231113     
   142.874697329430     
   133.959590682013     
   125.934781725125     
   114.808027965156     
