  3.109564559486699E-016
  5.473520551931098E-016
  5.502123724197861E-016
  5.717837519623428E-016
  4.285263332400471E-016
  5.922898000187568E-016
  3.872231804213652E-016
  4.667968256654025E-016
  3.777218594688143E-016
  3.824815311161723E-016
  6.372817644790748E-016
  5.385197946281710E-016
  6.707623186250646E-016
  6.156890293252477E-016
  4.231589605655390E-016
  3.891594648870062E-016
  3.730236772109000E-016
  3.119405577042049E-016
  2.769814425897891E-016
  1.954596490273511E-016
  5.322216568040881E-016
  2.992565754215477E-016
  2.724497686970763E-016
  2.049762815135252E-016
  3.022601683738767E-016
  1.185872965465468E-015
 -1.656956273347202E-016
  2.903705797286974E-016
  5.366529908788081E-016
  2.762761516998685E-016
  7.882921921023514E-016
  8.567268146093408E-017
  5.263611469798315E-016
 -2.673267809924575E-016
  8.588154100435012E-017
 -5.085305736821500E-017
  5.221779454700177E-016
 -8.823575218476055E-018
 -2.612446415692422E-017
 -2.824166225204581E-017
  4.293915559022260E-017
 -1.653211771146528E-016
  2.147869584502682E-016
 -7.634214534438063E-016
 -5.896853792105688E-016
  1.120808201313749E-015
  1.145893192746823E-016
 -6.057175334613251E-016
 -1.480727337938341E-016
  1.193269809460836E-016
 -1.360405615138488E-015
 -4.006252891247182E-016
  8.432373206025280E-016
  2.338079753590844E-016
 -2.414801038520426E-016
  1.399526033959828E-016
 -1.169035357067024E-016
 -6.695932686092151E-016
 -6.079390856787037E-016
 -3.443683289754583E-016
 -1.281925486869822E-016
 -2.696321906183493E-016
 -5.197289725357656E-016
 -4.063337801547466E-016
 -4.268390439496085E-016
 -1.024496498211101E-015
 -3.675738090156219E-016
  2.493767226112616E-017
 -3.422848549220310E-016
 -5.529250878567806E-016
 -8.823172017613598E-017
 -6.340087348989640E-017
 -1.598130265430047E-016
 -2.568511672938531E-016
 -3.258047578782540E-016
 -2.428486154351417E-016
 -4.262643760730682E-016
 -5.103823124330756E-016
 -6.060068144500506E-016
 -5.821192340941918E-016
  2.059211379578142E-015
  1.447249813620069E-015
  1.291923448256419E-015
  8.052059996250898E-016
  9.335815441685585E-016
  6.964195885467140E-016
  7.792576318813140E-016
  8.308850725029777E-016
  5.819333148658269E-016
  1.404707363414530E-015
  9.992309176984235E-016
  5.737369071851070E-016
  1.268947694578060E-015
  1.981426444217915E-016
  4.030974218431844E-016
  3.816439083229227E-016
  3.713529481960316E-016
  3.539903201160441E-016
  4.621344356914363E-016
  7.962455964472428E-016
  3.368546384699537E-016
  3.116336796917094E-016
  2.924943639366412E-016
  4.404357628148019E-016
  8.150139164885883E-016
  6.191195168462102E-016
 -6.186756753584825E-016
  3.849917986920101E-016
  6.239015078914607E-016
  8.222439542345090E-016
  6.410213382116435E-016
 -5.886930807369121E-016
  6.370368826278198E-016
 -6.553395476053034E-016
  9.195842100408882E-017
  1.036615581295923E-016
  4.669486900678827E-016
 -5.129054413070293E-016
 -4.051090522347858E-017
  4.658129872014726E-016
  7.341489338523956E-016
 -9.443483465161415E-016
  9.374611738469731E-016
 -6.622201816491727E-016
 -1.739365269461279E-015
  1.659360939584676E-015
 -1.779707183158873E-017
 -6.765603729408789E-016
 -6.435355598604842E-016
  7.365619797808221E-016
 -1.096175785763017E-015
 -2.245340292443031E-015
  2.554837885350464E-016
 -4.019878414629962E-016
 -3.649210638422960E-016
  7.512411880529140E-016
  3.560142140064537E-016
 -1.303145221202758E-015
 -3.072525714521126E-016
 -1.501235632196742E-015
 -7.345417707509165E-016
 -2.648783985769380E-016
 -1.327492968961293E-016
 -4.908193757738467E-016
 -7.730455503609452E-017
 -7.384349149749679E-016
 -2.169810802596474E-015
 -1.539966157189280E-015
 -3.280625283845016E-016
 -1.361397282793440E-015
 -8.612728475904552E-016
 -5.916570948068839E-016
  7.085946289298158E-017
  6.077524324995666E-016
 -4.272060999476282E-016
 -7.748306078038853E-016
 -7.542192458128232E-016
 -8.800226141677310E-016
 -9.577058756375993E-016
 -1.360127400627529E-015
  1.389331289779824E-015
  1.447326648676298E-015
  9.881174181524231E-016
  8.013857034213125E-016
  1.444579436603723E-015
  7.220087582280674E-016
  1.449545187250654E-015
  9.536212227373614E-016
  1.280886646283150E-015
  1.909442278379241E-015
  5.748077189682332E-016
  6.492556673140086E-016
  7.237374299564101E-016
 -4.951750353455003E-016
  1.880153691416736E-016
  8.557255824227396E-016
  5.662487496951570E-016
  2.331142195565822E-016
  7.343110593315914E-016
  1.467204869430389E-015
 -1.824058341304747E-016
  1.114072800332209E-015
  8.762115158601062E-016
  1.963128785403342E-015
  8.923460227039429E-016
 -6.594673843241437E-016
 -1.524989276011484E-016
  1.127430372800728E-015
  1.176959992714062E-015
  1.461843924795659E-015
  1.149390293156848E-016
 -1.142309006490955E-015
  1.983150441220126E-017
 -4.673202948791335E-016
  2.544758339142307E-016
 -6.709914640130046E-016
  9.638053618328657E-016
 -1.776595048411683E-016
 -4.286618149624708E-017
  3.196250071277750E-016
  1.622358853186029E-015
 -1.321620165215925E-015
  7.857335215144288E-016
 -8.190331635253618E-018
 -3.158629455680467E-015
  2.269476837782339E-015
  4.319292033661031E-016
  4.579119224859708E-016
 -2.184421692951616E-015
  8.943669368770004E-016
 -1.115688479931206E-016
 -2.420183578314985E-015
 -1.521296495821693E-015
 -6.953688465908481E-016
 -1.232086182736610E-015
  1.201137919196016E-015
  9.118747772638924E-016
 -1.761934340624511E-015
  4.303120010434639E-016
 -5.165672920115978E-016
 -1.862028831114258E-015
 -9.783276702649546E-016
  9.608443842897263E-016
 -2.875909202679823E-016
 -3.934260704087916E-016
  4.462594923225518E-016
 -7.462143927973734E-016
 -1.855384512730082E-015
 -1.299354002107291E-015
 -1.459947137332259E-015
 -1.408644857350375E-015
 -2.257772908394089E-015
 -1.582081010026070E-015
  1.639907548308766E-017
  7.889304445756673E-016
  3.169947510773897E-016
 -1.550359268785809E-016
 -6.128353566445633E-016
 -5.147394428616148E-016
 -7.117106844718398E-016
  1.538834508079568E-015
  1.396578215920152E-015
  8.829500200300558E-016
  1.286534771543539E-015
  1.767219574003133E-015
  1.309729113444299E-015
  1.274975858537658E-015
  1.307682300825657E-015
  2.334500048334322E-015
  2.538869457067949E-015
  6.959827320883600E-016
  4.891330414672153E-016
  1.737084374959478E-016
 -3.460700732416464E-016
  2.628248412119832E-016
  1.775948029652022E-015
  1.379326036488354E-016
  1.148777290985736E-015
  2.131069690578466E-015
  1.168697793539645E-015
  4.199080483144801E-016
  2.435884967568865E-015
  1.391598263628364E-015
  2.104731968224636E-015
 -2.817031985753276E-016
 -2.793943623820976E-015
  5.579443052787261E-016
  2.229613793640913E-015
  1.149482745358554E-015
  9.927042274439053E-016
 -1.474972831183076E-015
 -1.088172507412678E-015
  3.426044600817765E-017
 -3.344610318826148E-016
  8.298903479934805E-016
 -1.834587103663583E-015
  1.065195097377482E-015
  9.245748955962647E-016
  7.350607903258855E-016
  4.728522250786814E-016
  1.632372561549666E-015
 -1.873855419787192E-015
  4.113404596305353E-016
  1.023969738778456E-016
 -4.110852092917923E-015
  2.381939597459779E-015
  5.745581047868847E-016
  1.025812002423291E-015
 -2.804828810617497E-015
  1.466565043308234E-015
 -1.646751826926392E-016
 -1.503376591782686E-015
 -1.885909841465949E-015
 -9.339425551378332E-016
 -2.248049733790408E-015
  2.984524840632965E-016
  3.019617861526137E-015
 -6.419283307319445E-016
  5.093373077636658E-017
  7.373178664779349E-016
 -9.281777593008585E-016
 -2.185956367809305E-015
  6.067777395336499E-017
  1.538988512585216E-016
 -8.791665210854315E-016
  5.926377249776463E-017
 -1.056041840806464E-016
 -7.392020235017536E-016
 -2.952783960254768E-015
 -2.082088445961780E-015
 -1.436091983780481E-015
 -1.506054779534498E-015
 -3.858939190834797E-015
 -2.057474816420777E-015
 -5.346240443418696E-017
 -2.872179318624668E-016
 -3.955684251131798E-016
 -3.100730267574231E-016
  1.075072247374434E-017
 -7.917261446776852E-017
  2.708308842113802E-015
  1.312618792406158E-015
  6.803206541583344E-016
  1.498128364630813E-015
  1.561409628714826E-015
  1.106673192436943E-015
  1.771817870799999E-015
  2.811876079720982E-015
  3.514537995266770E-015
  1.495723860875273E-015
  3.991071769437104E-016
  2.107877305594472E-016
  9.587874578332243E-017
  2.244170258020255E-017
  2.370384562949441E-015
  4.435732944435895E-015
  1.401324090741455E-015
  2.904132003341712E-015
  1.416477292576674E-015
  3.975505468107554E-016
  1.156893727774274E-015
  2.771671694888771E-015
  1.449776250445445E-015
  1.576428646137207E-015
 -1.675184525760033E-015
 -3.714319795961085E-015
  1.808223915523176E-015
  3.719622602678530E-015
  5.460770983494312E-016
  3.071523922070498E-016
 -2.506210739754931E-015
 -5.512606974975999E-016
 -6.079583873391337E-017
 -1.972068639847355E-016
  1.403393658931049E-015
 -3.652268232101800E-015
  1.510902342281815E-015
  1.112005353158640E-015
  2.013795302621413E-015
  1.282733829008851E-015
  1.647736390388573E-015
 -2.726319238824622E-015
  6.544591226329912E-016
  1.387927962876890E-016
 -4.384916301683042E-015
  2.449724622227616E-015
  1.159081105911040E-015
  1.124411145616494E-015
 -3.600090847180621E-015
  1.286865888274836E-015
 -8.301115241677688E-016
 -1.220277032390118E-015
 -1.660840311404704E-015
 -1.878445618188782E-015
 -3.027616896198559E-015
 -1.592749334055696E-015
  2.208960581034334E-015
  7.175764384802136E-016
  1.446371583012472E-016
  7.788976430729659E-016
  9.927390354785291E-017
 -1.691429592217083E-015
 -5.132340357785744E-016
  8.893785166598917E-016
  1.320620995614996E-016
 -2.117846660135678E-017
 -5.325418217153122E-016
 -3.748663981016715E-016
 -1.512737120656362E-015
 -4.623334367448949E-015
 -3.067253358464771E-015
 -1.397691367913920E-015
 -2.308864201415371E-015
 -3.910528593640548E-015
 -2.143732900275146E-015
 -1.147760745407083E-015
 -4.508206547787095E-016
 -5.707802678453611E-016
 -1.485971576780200E-015
 -5.188911860957177E-016
  1.401934662787575E-015
  7.009894893762770E-016
  1.244744386740996E-015
  1.256755699871238E-015
  1.596507350934695E-015
  1.999658352703373E-015
  3.657481478605310E-015
  4.643720296520283E-015
  2.622299954418042E-015
  1.295363804743638E-016
 -6.571721436171758E-016
  3.778638470486202E-016
  2.078193416834717E-015
  3.502349168696258E-015
  5.290500605734818E-015
  3.267793968078011E-015
  1.442378935727115E-015
  2.291576944528216E-015
  8.351858880038873E-016
  7.473928599885114E-016
  1.908933192479699E-015
  2.610620699577502E-015
  1.098472868341052E-015
  2.197610097362500E-016
 -3.446897897192487E-015
 -5.397275272293021E-015
  3.082788648466423E-015
  5.170808794928631E-015
  7.263639873807799E-016
 -7.881155874064478E-016
 -4.328821679675783E-015
 -2.004444794235888E-016
 -4.051906627444776E-016
  1.377316412174442E-016
  1.765703752259265E-015
 -6.028084719058929E-015
  2.367284747929297E-015
  2.791313307645266E-015
  3.482900488200320E-015
  1.772967285212583E-015
  1.893059842927171E-015
 -3.356601250270623E-015
  3.115811004347458E-016
  5.056784537424163E-016
 -5.466682890406301E-015
  3.755531403901916E-015
  1.677967717545830E-015
  5.817597291420606E-016
 -3.909425898146931E-015
  8.886181986973652E-016
 -1.607862770956891E-015
 -1.009722471317001E-015
 -1.432266552582210E-015
 -2.029514760323168E-015
 -3.047292697552866E-015
 -3.076045482837136E-015
  3.114150655102960E-016
  2.056828058778783E-016
  4.720838530527028E-016
  3.999000480817559E-016
  1.092731794071577E-015
 -1.097628318263771E-015
 -2.846593450457243E-015
 -1.388702696781821E-015
  4.080351292985153E-016
  3.022940093401168E-015
  1.406374218731712E-015
 -3.336393838815533E-016
 -8.895119362657731E-016
 -3.765620109553965E-015
 -4.229811919628408E-015
 -3.029290363915215E-015
 -2.725483431464867E-015
 -3.497183145404758E-015
 -2.985196214981164E-015
 -2.583818125248329E-015
 -2.477310828113156E-015
 -5.639581617173931E-016
 -1.219218243116755E-015
 -1.683586052706271E-015
  -1.46946898854092     
  -1.21197206212797     
  -1.02049744577116     
 -0.809663808738855     
 -0.595425644433658     
 -0.387880876814377     
 -0.199950059380873     
 -6.143797789825663E-002
  1.952039657747493E-016
 -1.389016536952349E-015
 -7.956344426056245E-016
  1.454906055343071E-015
  2.618600045661353E-015
  4.011523680738318E-015
  4.711010244248200E-015
  1.849885364549949E-015
  6.427554779342533E-016
  8.213406763611559E-016
 -1.072927407844559E-015
  1.076904842521844E-015
  2.165528330010270E-015
  3.249546903720440E-015
  3.798917039539565E-016
 -2.115816976010248E-015
 -3.834772080122210E-015
 -4.045137138753825E-015
  5.317959347305128E-015
  6.584022127023276E-015
  2.480179232825987E-016
 -2.764925437885556E-015
 -5.118188743825274E-015
  1.599494018377413E-016
 -8.058920966963266E-016
  5.281203715777778E-016
  2.263713774971022E-015
 -7.175640702871083E-015
  2.974574815105191E-015
  2.885327325656918E-015
  4.957360962310741E-015
  3.006616038487091E-015
  2.061355407452096E-015
 -4.261455023581162E-015
 -1.683021362815848E-017
  2.848389142082560E-016
 -5.375971580151807E-015
  3.968458658186062E-015
  2.563030772047876E-015
  1.446906522627346E-015
 -3.872636909632934E-015
  4.329246397289075E-016
 -1.932262896222160E-015
 -7.408922360672281E-016
 -1.797627114977231E-015
 -2.414148727793681E-015
 -3.162320589915912E-015
 -3.394781385962070E-015
 -1.661565554079625E-015
 -1.106206281372605E-015
  9.356186629036848E-016
  6.038860576656372E-016
  2.072005553179123E-015
  7.114951569189587E-016
 -1.578678169640390E-015
 -3.563573859862254E-015
 -1.921068097140129E-015
  2.447573235312407E-015
  2.148872334750578E-015
  2.091438630027224E-015
  1.233292741561894E-015
 -1.310731924514689E-015
 -3.797383188828868E-015
 -3.020671984996252E-015
 -2.313788490742989E-015
 -2.976682987456434E-015
  1.294575642798485E-003
  7.053673055391035E-002
  0.206877981188630     
  0.383919924264073     
  0.569405158280406     
  0.833427918834337     
  -7.21132620251740     
  -7.13740016426439     
  -7.07737767092553     
  -7.00607719418443     
  -6.92834258911394     
  -6.84425405677880     
  -6.75124234853156     
  -6.64629003642701     
  -6.52738987180622     
  -6.39569373353007     
  -6.25220275558818     
  -6.09694206570328     
  -5.92730875259071     
  -5.74210112964659     
  -5.54370712384638     
  -5.32529298459299     
  -5.09639886203253     
  -4.84785971965279     
  -4.59344954449395     
  -4.32173390877644     
  -4.04901941568174     
  -3.76613975439893     
  -3.48312982076045     
  -3.20090247978334     
  -2.91707236266371     
  -2.63900979163272     
  -2.36618908874097     
  -2.10031121391577     
  -1.84599265323205     
  -1.60790456615546     
  -1.38108504746236     
  -1.16994908772294     
 -0.974469615023826     
 -0.795952485253070     
 -0.632974080149855     
 -0.485363492353779     
 -0.350997131840257     
 -0.229289888420073     
 -0.120802315042505     
 -2.227889263467259E-002
  8.711681123330850E-002
  0.189246586652875     
  0.302709981268128     
  0.425989452212813     
  0.561465815897380     
  0.711973228880142     
  0.876675671580843     
   1.05660762603892     
   1.25079355515437     
   1.45695248393674     
   1.67887535857174     
   1.91235023500712     
   2.15570362764535     
   2.40618138164331     
   2.66609606105732     
   2.92777527403092     
   3.18804043749080     
   3.45295985146527     
   3.71260605286741     
   3.97316772161018     
   4.22844326482316     
   4.47881485662899     
   4.72184464471282     
   4.95533713697143     
   5.17810620375507     
   5.39032658706242     
   5.58613705696281     
   5.77067039886347     
   5.93822478355743     
   6.09449058704019     
   6.23924436092741     
   6.37047682585388     
   6.49361430275879     
   6.60629413097927     
   6.71004249798604     
   6.80263848787849     
   6.88502405729504     
   6.95983718657931     
   7.02406294720790     
   7.10650976823308     
  -7.53627815000201     
  -7.51499830058382     
  -7.49665683678386     
  -7.46982239768355     
  -7.43831383529650     
  -7.40023825158202     
  -7.35619592789949     
  -7.30598645708555     
  -7.24981514467245     
  -7.18659486113270     
  -7.11296183296871     
  -7.02968634386362     
  -6.93584661590835     
  -6.83087604681522     
  -6.71461598406517     
  -6.58799562846753     
  -6.45249075570643     
  -6.31053109983427     
  -6.15739112937930     
  -5.99069423361128     
  -5.80554802380763     
  -5.60588714649471     
  -5.38849124201860     
  -5.15399125930695     
  -4.90254791360743     
  -4.63348531618933     
  -4.35002340688657     
  -4.05459290880112     
  -3.74606958366533     
  -3.43200703789316     
  -3.10405915533708     
  -2.77142742429418     
  -2.43380578991461     
  -2.09482046346777     
  -1.75499320544504     
  -1.41438178521132     
  -1.07334076872680     
 -0.734332836148088     
 -0.398983606992926     
 -7.002086135113707E-002
  0.270381888057339     
  0.600020511523356     
  0.936930962147344     
   1.27495702403129     
   1.61420245103662     
   1.95540123678784     
   2.29393523172111     
   2.63062553819617     
   2.96359440653382     
   3.28932344090733     
   3.60996014350629     
   3.91620242011794     
   4.21550536559344     
   4.50185313403350     
   4.77623956251268     
   5.03639073547312     
   5.27947723604746     
   5.50532598888106     
   5.71540855547426     
   5.90817344233180     
   6.08476137296921     
   6.24587221019246     
   6.39147017475911     
   6.52417792386294     
   6.64914332947745     
   6.76702142071927     
   6.87723556624824     
   6.97760006541676     
   7.06834656008594     
   7.14924464700822     
   7.22025865471852     
   7.28250754279857     
   7.33640016387924     
   7.38283960558417     
   7.42141005363393     
   7.45485549450044     
   7.48328593127281     
   7.50832074692353     
   7.52620140366402     
   7.54873105735845     
  -7.22335271303151     
  -7.19970506290493     
  -7.18104793556164     
  -7.15411504458754     
  -7.12344295057426     
  -7.08700573104613     
  -7.04541710303065     
  -6.99829383833463     
  -6.94502401796228     
  -6.88423534622719     
  -6.81464643616378     
  -6.73659562113623     
  -6.64959317913443     
  -6.55387408721025     
  -6.45010427171782     
  -6.33954528741401     
  -6.22037860709344     
  -6.08673420470388     
  -5.93127002352715     
  -5.76388276141228     
  -5.58415966019347     
  -5.39281595807554     
  -5.18697059745426     
  -4.96731152697203     
  -4.73500227581230     
  -4.48884915067069     
  -4.22871056694792     
  -3.95609944561822     
  -3.67080150714611     
  -3.37586541771916     
  -3.06942940805223     
  -2.75467274707354     
  -2.43257683056345     
  -2.10542463705727     
  -1.77417658397194     
  -1.43864129387520     
  -1.09948556613818     
 -0.758065370683950     
 -0.414785173638068     
 -7.464641843355690E-002
  0.265032985998660     
  0.604242460411524     
  0.946298744532642     
   1.28668689083553     
   1.62484327061067     
   1.95994342570145     
   2.29017871629881     
   2.61521745548459     
   2.93325140525514     
   3.24266009639822     
   3.54309804868271     
   3.83108365987277     
   4.10873762712984     
   4.37384069090944     
   4.62617904877377     
   4.86452964877144     
   5.08925802174326     
   5.30082962146974     
   5.49943259504863     
   5.68356731691359     
   5.85447017853208     
   6.01385894935994     
   6.16280950493057     
   6.29511583961778     
   6.40831881701647     
   6.50942114176633     
   6.60381440036001     
   6.69154875631500     
   6.77237895297464     
   6.84540123753643     
   6.91024808467279     
   6.96734365002366     
   7.01677952164638     
   7.05947673817662     
   7.09535818034552     
   7.12555017769833     
   7.15032404923111     
   7.17208960952589     
   7.18712996210931     
   7.20766874357581     
  -6.81342072865478     
  -6.79557151620149     
  -6.78205254366014     
  -6.76107348707508     
  -6.73703471579764     
  -6.70759289649154     
  -6.67306452036000     
  -6.63264701399743     
  -6.58540990943233     
  -6.53047380769381     
  -6.46776200381786     
  -6.39710599004817     
  -6.31828991692378     
  -6.23164040621833     
  -6.13718307271941     
  -6.03427681779813     
  -5.91866554016413     
  -5.78569687054218     
  -5.63859316383408     
  -5.48368493527288     
  -5.31720059746262     
  -5.13956115255061     
  -4.94921589384102     
  -4.74663072816273     
  -4.53149894520023     
  -4.30222021955840     
  -4.06118476714285     
  -3.80889385789979     
  -3.54463317601175     
  -3.26923637085900     
  -2.98334713041712     
  -2.68708048075073     
  -2.38096307909140     
  -2.06541646571588     
  -1.74173187012485     
  -1.41209208297056     
  -1.07877301291866     
 -0.743852371521367     
 -0.408357164379920     
 -7.604097246890007E-002
  0.253997860947810     
  0.589779619149958     
  0.925646192241801     
   1.26018936936348     
   1.59151733945637     
   1.91761558487534     
   2.23659423068261     
   2.54751718407474     
   2.84913845975313     
   3.14100349335392     
   3.42211172376969     
   3.69186326668523     
   3.95004148596021     
   4.19614415635856     
   4.43080336397322     
   4.65369938783964     
   4.86234472334626     
   5.05768453315513     
   5.24110536681209     
   5.41174966270254     
   5.57009926243765     
   5.71711744467594     
   5.85485786477700     
   5.98366602830378     
   6.09734343581116     
   6.19461791208124     
   6.28076370681745     
   6.35897373208236     
   6.43049861898636     
   6.49501651306888     
   6.55237950519258     
   6.60260386577051     
   6.64550960815886     
   6.68177508873388     
   6.71169107434022     
   6.73554502962557     
   6.75335294222195     
   6.76781093078616     
   6.77513676055249     
   6.78470061800545     
  -6.38644636084283     
  -6.38670848223157     
  -6.38289039000492     
  -6.37401112434028     
  -6.36141521089572     
  -6.34271748150880     
  -6.31896917867727     
  -6.28828155097770     
  -6.25056011893173     
  -6.20501898825192     
  -6.15187134475674     
  -6.09049770498904     
  -6.02108026624998     
  -5.94326598762466     
  -5.85611017519051     
  -5.75816231880972     
  -5.64577138789004     
  -5.51828297287451     
  -5.38145067469559     
  -5.23767490127813     
  -5.08337375783067     
  -4.91828037536138     
  -4.74118424499454     
  -4.55189450906683     
  -4.35018815604073     
  -4.13672822072947     
  -3.91072328294619     
  -3.67247261972992     
  -3.42253070114079     
  -3.16120469644471     
  -2.88904932106582     
  -2.60587546400333     
  -2.31197781227566     
  -2.00783149418726     
  -1.69484462829566     
  -1.37545280479073     
  -1.05221725633079     
 -0.727328753188227     
 -0.402692294512921     
 -7.867727102344733E-002
  0.241316719603607     
  0.568388304987460     
  0.894871031423045     
   1.22049980718900     
   1.54217370267786     
   1.85783631367662     
   2.16573065826067     
   2.46474317102870     
   2.75389684871656     
   3.03271814342178     
   3.30048820791941     
   3.55700265671566     
   3.80184864695208     
   4.03485837752136     
   4.25557539462942     
   4.46370481652455     
   4.65945807272596     
   4.84237358188416     
   5.01319906609056     
   5.17184327062504     
   5.31885712006579     
   5.45511111266224     
   5.58246063489262     
   5.70345618666996     
   5.81388414134626     
   5.90907508938048     
   5.99066586278898     
   6.06193181431598     
   6.12487320378243     
   6.18033329300621     
   6.22849879388158     
   6.26954953771146     
   6.30321613167934     
   6.33016640686883     
   6.35083064272305     
   6.36492733282999     
   6.37456791715046     
   6.37590759626924     
   6.37356668638537     
   6.36589003855630     
  -6.01398913834692     
  -6.02850904224289     
  -6.03434042237321     
  -6.03646529732266     
  -6.03564842341868     
  -6.02481621096912     
  -6.01042831542597     
  -5.98843568507091     
  -5.96025824063596     
  -5.92440863416982     
  -5.88068756154061     
  -5.82774531758246     
  -5.76696092848004     
  -5.69675826118869     
  -5.61617836360195     
  -5.52497656338305     
  -5.42102547911858     
  -5.30567180790151     
  -5.18245330863780     
  -5.05085138664334     
  -4.90849578602511     
  -4.75476491435081     
  -4.58864278981228     
  -4.40959091554399     
  -4.21759331082081     
  -4.01390341511038     
  -3.79852539736203     
  -3.57033012303030     
  -3.32988468829479     
  -3.07765535255632     
  -2.81393432401995     
  -2.53897289120696     
  -2.25341043840816     
  -1.95832841219320     
  -1.65525421898830     
  -1.34612067938755     
  -1.03294447925786     
 -0.717324715614291     
 -0.401112784801145     
 -8.324447835070151E-002
  0.228448739866872     
  0.546753442809774     
  0.863327272918154     
   1.17927992534232     
   1.49149659394556     
   1.79808004315167     
   2.09716016660719     
   2.38749438080363     
   2.66805344782254     
   2.93811205759536     
   3.19706745358730     
   3.44451764075494     
   3.68019768785489     
   3.90387376038099     
   4.11485233801119     
   4.31320599445157     
   4.49996268638468     
   4.67416263531046     
   4.83542064436286     
   4.98400013448121     
   5.12057418995715     
   5.24600945707393     
   5.36162065475650     
   5.47017743397589     
   5.57098797791032     
   5.66013500225919     
   5.73668429505794     
   5.80274387650250     
   5.85836538657994     
   5.90609349247597     
   5.94538826470690     
   5.97730190165681     
   6.00178735936596     
   6.02018387934965     
   6.03195695859657     
   6.03917342004183     
   6.03743698780479     
   6.03186652507947     
   6.02180827456467     
   5.99970864914262     
  -5.73277349727957     
  -5.76377631778537     
  -5.77813304258244     
  -5.78724992265442     
  -5.79104555503554     
  -5.79080548173281     
  -5.78104706526936     
  -5.76751049528874     
  -5.74689547822284     
  -5.72094955654978     
  -5.68711193421514     
  -5.64392779976313     
  -5.59409628969284     
  -5.53349105010455     
  -5.46140331571564     
  -5.37940136153079     
  -5.28564385792814     
  -5.18158221689357     
  -5.06902197089089     
  -4.94693469445221     
  -4.81367315159153     
  -4.66839769401626     
  -4.51040032455929     
  -4.33932210907750     
  -4.15489566101705     
  -3.95711393818016     
  -3.74635802507484     
  -3.52380340964768     
  -3.28840254506824     
  -3.04057485769283     
  -2.78083773925604     
  -2.50985791656174     
  -2.22856432332916     
  -1.93819683305752     
  -1.64020484344590     
  -1.33612980858674     
  -1.02756424355531     
 -0.715907146730777     
 -0.403061790538457     
 -8.934388822598020E-002
  0.216853451755450     
  0.529301051299666     
  0.839308772487631     
   1.14903052710070     
   1.45565162873514     
   1.75719438692798     
   2.05164587355273     
   2.33766800027546     
   2.61415429499207     
   2.88022248987289     
   3.13517963049384     
   3.37844137091440     
   3.60958884264819     
   3.82803239756927     
   4.03323399396021     
   4.22730760628394     
   4.40822095742908     
   4.57568035230399     
   4.73000675305266     
   4.87151202816056     
   5.00065399278051     
   5.11817694752132     
   5.22521442748552     
   5.32385381600743     
   5.41459647956132     
   5.49489057027516     
   5.56301373537036     
   5.62156749062352     
   5.66656923453908     
   5.70479734787795     
   5.73424928485654     
   5.75681776722801     
   5.77336404567843     
   5.78306767705744     
   5.78887670011119     
   5.78715888895291     
   5.78154423619591     
   5.77066258325479     
   5.75444297711987     
   5.71944227549161     
  -5.50540953908113     
  -5.55937310479478     
  -5.58678826109846     
  -5.60916743014585     
  -5.62514953694196     
  -5.63512636919615     
  -5.63964060834436     
  -5.64075969971834     
  -5.62804271039624     
  -5.61005188671044     
  -5.58240081291217     
  -5.54991106677098     
  -5.51165122354901     
  -5.46105272972839     
  -5.39811529873799     
  -5.32451723018590     
  -5.23773947399016     
  -5.14023452698754     
  -5.03344639855580     
  -4.91635965178562     
  -4.78759211097224     
  -4.64629456584163     
  -4.49189896796925     
  -4.32411215795740     
  -4.14263893661829     
  -3.94785599344332     
  -3.74003043593261     
  -3.51861516355169     
  -3.28420206434334     
  -3.03728055389832     
  -2.77847152352130     
  -2.50858974415473     
  -2.22858784391062     
  -1.93949905419911     
  -1.64255739126166     
  -1.33912765779751     
  -1.03087500138631     
 -0.719461471781506     
 -0.408397392807725     
 -9.651858675050590E-002
  0.207715885499888     
  0.519086774029889     
  0.828893527577259     
   1.13822460681718     
   1.44412378316652     
   1.74472324416219     
   2.03822832236506     
   2.32341530624342     
   2.59918983902203     
   2.86459058540290     
   3.11885439265335     
   3.36130241302236     
   3.59133685744946     
   3.80839700721870     
   4.01320131782370     
   4.20394818477403     
   4.38194697758607     
   4.54636251084001     
   4.69744737596816     
   4.83538980320697     
   4.96056210538473     
   5.07357219628558     
   5.17540349548992     
   5.26769576345861     
   5.35107568720799     
   5.42309570507531     
   5.48104773462258     
   5.52989432855658     
   5.56408661555318     
   5.59203679158688     
   5.61540072440127     
   5.63055572971139     
   5.64004948431181     
   5.63721614762026     
   5.63022472658684     
   5.61778441912723     
   5.59977949476058     
   5.57592595665865     
   5.54751197538902     
   5.49185505586657     
  -5.28835583321319     
  -5.37295803705366     
  -5.41971317508915     
  -5.46338761098040     
  -5.49976398091345     
  -5.52851972443073     
  -5.54913252773035     
  -5.56181019410838     
  -5.56671898934017     
  -5.55962944675207     
  -5.54023139799453     
  -5.52157293524181     
  -5.49084295627013     
  -5.44458302270216     
  -5.38860255742653     
  -5.32264886030664     
  -5.24089461818222     
  -5.14765619479023     
  -5.04413510191579     
  -4.92924302533804     
  -4.80182826486120     
  -4.66125890017195     
  -4.50712494655315     
  -4.33921773207418     
  -4.15742245512184     
  -3.96208790698665     
  -3.75329143127315     
  -3.53087346096667     
  -3.29613960633098     
  -3.04890172427585     
  -2.78972340299335     
  -2.51970171269457     
  -2.23984745402803     
  -1.95094823418440     
  -1.65408302727438     
  -1.35054165966051     
  -1.04205673305162     
 -0.730266854611731     
 -0.418580401217164     
 -0.105335271304599     
  0.200529166368330     
  0.515181957075956     
  0.828059049645395     
   1.13986388702394     
   1.44718743925503     
   1.74871125801943     
   2.04298271706538     
   2.32896687091734     
   2.60561736208312     
   2.87190602680615     
   3.12706056796561     
   3.37043861928647     
   3.60133410277218     
   3.81930645384279     
   4.02411293083631     
   4.21562245349085     
   4.39381285534427     
   4.55815582044823     
   4.70870601720000     
   4.84557417597146     
   4.96905943247160     
   5.07959427242232     
   5.17790723217608     
   5.26536345592355     
   5.34312635666124     
   5.40860162734744     
   5.45842337584244     
   5.50074737554444     
   5.53259774550905     
   5.54765426508551     
   5.56337333370467     
   5.56368314451518     
   5.55874149335740     
   5.54582489003170     
   5.52442205988554     
   5.49429813010497     
   5.45616335650948     
   5.41058468902845     
   5.36225640203121     
   5.27542624363956     
  -5.09842487696434     
  -5.21829520298733     
  -5.28511974561589     
  -5.34901420944766     
  -5.40380643993798     
  -5.44953316356777     
  -5.48581209417758     
  -5.51365139566355     
  -5.53407478118631     
  -5.54537023247789     
  -5.54939699488802     
  -5.54108647175337     
  -5.51197690848847     
  -5.47282903808094     
  -5.42450351319396     
  -5.36111678622066     
  -5.28165174633406     
  -5.19201675361474     
  -5.09138637919755     
  -4.97823006649128     
  -4.85170697567604     
  -4.71129552475913     
  -4.55670619855655     
  -4.38784036243234     
  -4.20477781368070     
  -4.00787251462009     
  -3.79705730148087     
  -3.57270312052942     
  -3.33485611175633     
  -3.08559891594607     
  -2.82494596299884     
  -2.55336170662898     
  -2.27198637893866     
  -1.98152239664737     
  -1.68302179129757     
  -1.37770560215200     
  -1.06705115013838     
 -0.752250601691018     
 -0.436311502066826     
 -0.117733558342663     
  0.193370897933714     
  0.514605346067974     
  0.832218929263006     
   1.14835576752607     
   1.45884425848867     
   1.76290871225385     
   2.05946788242177     
   2.34775794294930     
   2.62687247846101     
   2.89571961727141     
   3.15342960662518     
   3.39928858099844     
   3.63267029069920     
   3.85394942708272     
   4.06139610575078     
   4.25500274383499     
   4.43463259711420     
   4.60009587656637     
   4.75125248433934     
   4.88811715939793     
   5.01090685517117     
   5.11997502000502     
   5.21591849580827     
   5.29964895814757     
   5.37399592878093     
   5.43787608037884     
   5.48564254109370     
   5.51897749381355     
   5.54851799214335     
   5.55321580859226     
   5.54788844180110     
   5.53309162395931     
   5.50938430367484     
   5.47922373030042     
   5.44154219965610     
   5.39486536649632     
   5.33920276445739     
   5.27434799533999     
   5.20666202321610     
   5.08548567078074     
  -4.89505280986937     
  -5.05971225129822     
  -5.15275455231110     
  -5.24435935935822     
  -5.32706149296280     
  -5.40179390647626     
  -5.46713128163685     
  -5.52052421735301     
  -5.55963854501340     
  -5.58472969261041     
  -5.60119748701305     
  -5.60772265324784     
  -5.58867919900271     
  -5.56198945091424     
  -5.51738865974381     
  -5.45640565135245     
  -5.38425153993345     
  -5.29902480333338     
  -5.19921692489469     
  -5.08563897840755     
  -4.95817014919262     
  -4.81610365310839     
  -4.65915805592036     
  -4.48736494014903     
  -4.30092852242568     
  -4.10021125489521     
  -3.88542147586241     
  -3.65715192657079     
  -3.41582129833579     
  -3.16179746353121     
  -2.89616750470477     
  -2.62076696296286     
  -2.33586165806764     
  -2.04191970840758     
  -1.73966171654896     
  -1.42996046305265     
  -1.11379520710948     
 -0.791654107512804     
 -0.466178312805135     
 -0.136398049679971     
  0.185918986157714     
  0.518174230100879     
  0.845496149752494     
   1.16903930621261     
   1.48534368105672     
   1.79438774960195     
   2.09558773814301     
   2.38838721569432     
   2.67195036254159     
   2.94525148651104     
   3.20759080922298     
   3.45903683589283     
   3.69867415950098     
   3.92471739738486     
   4.13702179169412     
   4.33514770485565     
   4.51888111623596     
   4.68799026107874     
   4.84222025162725     
   4.98148947462836     
   5.10591930321952     
   5.21596268965575     
   5.31233207643586     
   5.39452189704383     
   5.46295595422173     
   5.52015540742566     
   5.56876401301693     
   5.59245108335596     
   5.61018466806361     
   5.60244946571989     
   5.58499878997498     
   5.55761759150250     
   5.51638462734539     
   5.46123076732862     
   5.39441428396980     
   5.31847531063660     
   5.23486485577875     
   5.14256942553534     
   5.04908632036037     
   4.88390097447952     
  -4.60768623350880     
  -4.83128675332417     
  -4.96187319822102     
  -5.09158029764315     
  -5.21085756033342     
  -5.32036146314403     
  -5.41733464719930     
  -5.49805235975176     
  -5.56138189850710     
  -5.61260574234052     
  -5.64943329549531     
  -5.66906073880511     
  -5.67370386943683     
  -5.66826348947567     
  -5.64163222625605     
  -5.60164555856676     
  -5.54515722895155     
  -5.46674237624745     
  -5.36841159823288     
  -5.25362936958660     
  -5.12360058061184     
  -4.97794007818422     
  -4.81655782851654     
  -4.63977911035029     
  -4.44799333929430     
  -4.24161961219341     
  -4.02107819428788     
  -3.78698702257545     
  -3.54009219304410     
  -3.28071655536055     
  -3.00981243602230     
  -2.72788644422653     
  -2.43595448050256     
  -2.13524904793994     
  -1.82638099725051     
  -1.50921112860699     
  -1.18378500371198     
 -0.849621367580513     
 -0.508763801386377     
 -0.159997859776752     
  0.181766292375552     
  0.530227915998058     
  0.870869973799443     
   1.20417950656673     
   1.52872541889835     
   1.84521730318804     
   2.15350157128758     
   2.45318988438671     
   2.74391185112080     
   3.02548939698031     
   3.29667081147200     
   3.55590291857563     
   3.80249984109326     
   4.03586059484933     
   4.25552434139622     
   4.46083111959187     
   4.65136363081384     
   4.82680721793564     
   4.98684895752383     
   5.13121798485139     
   5.25973998226659     
   5.37274332565593     
   5.47047626120245     
   5.55055684723176     
   5.60966272263344     
   5.64652327963636     
   5.67768094051065     
   5.67733626616987     
   5.67164643649267     
   5.65095905207212     
   5.61376011663825     
   5.56194289825206     
   5.49735833488562     
   5.41574572721456     
   5.31787499321320     
   5.20735094933289     
   5.08707817191728     
   4.95653612557308     
   4.82543789872114     
   4.60148092990940     
  -4.48785830808140     
  -4.75614865038965     
  -4.92359364373860     
  -5.08454101912509     
  -5.22835034409749     
  -5.35491030014102     
  -5.46370710463420     
  -5.55663928405343     
  -5.63658456969787     
  -5.70311026043460     
  -5.75170344742647     
  -5.78366053504825     
  -5.80299479471392     
  -5.81211850419777     
  -5.80009248744386     
  -5.76977785853920     
  -5.72331577925177     
  -5.65594468859190     
  -5.56575010534410     
  -5.45165462171954     
  -5.31730786241632     
  -5.16583748398554     
  -4.99820249146378     
  -4.81488947509783     
  -4.61628985920155     
  -4.40283180952664     
  -4.17506347168837     
  -3.93359347413390     
  -3.67921918127968     
  -3.41257760511569     
  -3.13466476675728     
  -2.84551883964648     
  -2.54585935275282     
  -2.23689518697237     
  -1.91891155665298     
  -1.59156225394788     
  -1.25446590425863     
 -0.906498323586847     
 -0.549032936742188     
 -0.178514071763293     
  0.183042308948244     
  0.550059862562099     
  0.903648065371222     
   1.24743727366833     
   1.58192755873306     
   1.90815166134953     
   2.22611218924666     
   2.53553381574411     
   2.83590707298661     
   3.12677329030576     
   3.40727987741225     
   3.67577561706027     
   3.93153921185491     
   4.17411588426856     
   4.40277228206137     
   4.61684592050623     
   4.81576099830941     
   4.99908708597000     
   5.16649547870394     
   5.31770172459087     
   5.45232346932328     
   5.56919605065751     
   5.66445686642662     
   5.73486869382830     
   5.78306808880209     
   5.80812856696823     
   5.82523610363017     
   5.81279402360148     
   5.79041489908423     
   5.75619095215189     
   5.70635695680779     
   5.63939985232849     
   5.55839449423450     
   5.46411610173814     
   5.35452642335162     
   5.22765979383002     
   5.08372964739679     
   4.92267692999540     
   4.75508765097613     
   4.48676834107041     
